
2363599
3448110
3330155
2192559
54601989
54319161
3418110
2467336
2090416
54276132
54144286
2054071
3840736
3409988
54291044
2088710
3638505
3843280

3819554
3773989
3532401
3461231
3143095
3719730
3263660
3789680
3799752
2318411
2375103
3561033
2467351
2141495
3748545
3602622
3423827
3736659
2374038
3584579
3412755
3788165
2439877
3717039
3893745
3788015
3825018
2001943
3639550
3774363
2141531
3698472
3781045
3426410
2662203
3838104
2530974
3261681
3740825
3564853
2388945
3745032
2510190
3619460
3836939
